Epoch: 0000 nll_train: 51.1633177105 mse_train: 0.000026647561 mse_baseline_train: 0.0000427238 nll_val: 1.2794737369 mse_val: 0.000000666393 mse_baseline_val: 0.0000427969 time: 5.2123s
Epoch: 0001 nll_train: 0.6823901794 mse_train: 0.000000355412 mse_baseline_train: 0.0000427238 nll_val: 0.3975264560 mse_val: 0.000000207045 mse_baseline_val: 0.0000427969 time: 5.1852s
Epoch: 0002 nll_train: 0.2995671336 mse_train: 0.000000156025 mse_baseline_train: 0.0000427238 nll_val: 0.2321298113 mse_val: 0.000000120901 mse_baseline_val: 0.0000427969 time: 5.1643s
Epoch: 0003 nll_train: 0.1950229704 mse_train: 0.000000101574 mse_baseline_train: 0.0000427238 nll_val: 0.1626407579 mse_val: 0.000000084709 mse_baseline_val: 0.0000427969 time: 5.1748s
Epoch: 0004 nll_train: 0.1427983822 mse_train: 0.000000074374 mse_baseline_train: 0.0000427238 nll_val: 0.1261618589 mse_val: 0.000000065709 mse_baseline_val: 0.0000427969 time: 5.2015s
Epoch: 0005 nll_train: 0.1123242951 mse_train: 0.000000058502 mse_baseline_train: 0.0000427238 nll_val: 0.1009546435 mse_val: 0.000000052581 mse_baseline_val: 0.0000427969 time: 5.1819s
Epoch: 0006 nll_train: 0.0929434980 mse_train: 0.000000048408 mse_baseline_train: 0.0000427238 nll_val: 0.0851832498 mse_val: 0.000000044366 mse_baseline_val: 0.0000427969 time: 5.1812s
Epoch: 0007 nll_train: 0.0781280025 mse_train: 0.000000040692 mse_baseline_train: 0.0000427238 nll_val: 0.0741836973 mse_val: 0.000000038637 mse_baseline_val: 0.0000427969 time: 5.1806s
Epoch: 0008 nll_train: 0.0673028250 mse_train: 0.000000035054 mse_baseline_train: 0.0000427238 nll_val: 0.0654107332 mse_val: 0.000000034068 mse_baseline_val: 0.0000427969 time: 5.1842s
Epoch: 0009 nll_train: 0.0591182243 mse_train: 0.000000030791 mse_baseline_train: 0.0000427238 nll_val: 0.0596552007 mse_val: 0.000000031070 mse_baseline_val: 0.0000427969 time: 5.1865s
Best Epoch: 0009
--------------------------------
--------Testing-----------------
--------------------------------
nll_test: 0.0597983154 mse_test: 0.000000031145 mse_baseline_test: 0.0000428051
MSE: [ 0.000000031791 , 0.000000126332 , 0.000000281178 , 0.000000492730 , 0.000000756791 , 0.000001068580 , 0.000001423108 , 0.000001815609 , 0.000002241358 , 0.000002695847 , 0.000003174888 , 0.000003674499 , 0.000004191451 , 0.000004722674 , 0.000005265770 , 0.000005819508 , 0.000006381611 , 0.000006951059 , 0.000007528282 , 0.000008112570 , 0.000008702766 , 0.000009298497 , 0.000009898966 , 0.000010504097 , 0.000011113703 , 0.000011727850 , 0.000012347460 , 0.000012973032 , 0.000013605145 , 0.000014243794 , 0.000014889675 , 0.000015543043 , 0.000016202952 , 0.000016869493 , 0.000017541646 , 0.000018220244 , 0.000018903853 , 0.000019593161 , 0.000020287180 , 0.000020987374 , 0.000021695552 , 0.000022411139 , 0.000023135028 , 0.000023868772 , 0.000024614224 , 0.000025370993 , 0.000026137395 , 0.000026911912 , 0.000027693577 ]
MSE Baseline: [ 0.000042780459 , 0.000171115476 , 0.000384978630 , 0.000684321218 , 0.001069072052 , 0.001539137447 , 0.002094401745 , 0.002734726993 , 0.003459953703 , 0.004269901663 , 0.005164369941 , 0.006143137813 , 0.007205966860 , 0.008352600969 , 0.009582764469 , 0.010896166787 , 0.012292498723 , 0.013771433383 , 0.015332628042 , 0.016975712031 , 0.018700299785 , 0.020505988970 , 0.022392345592 , 0.024358918890 , 0.026405232027 , 0.028530782089 , 0.030735054985 , 0.033017504960 , 0.035377562046 , 0.037814654410 , 0.040328174829 , 0.042917501181 , 0.045581988990 , 0.048320993781 , 0.051133807749 , 0.054019737989 , 0.056978072971 , 0.060008071363 , 0.063109003007 , 0.066280089319 , 0.069520577788 , 0.072829678655 , 0.076206594706 , 0.079650536180 , 0.083160698414 , 0.086736224592 , 0.090376324952 , 0.094080090523 , 0.097846671939 ]
